11a

E Resolution - 10%, x,y Resolution 0
60.61	-7.92	2618.12		-73.88	9.66	2222.89
-19.23	-21.18	4261.38		0		0		0
0		0		0			4.87	43.89	3501.15
46.22	3.44	3412.53		-98.01	-7.29	1653.78
0		0		0			1.50	-13.53	4721.57
-67.87	-23.24	2213.42		60.07	20.57	2699.75
-41.81	-52.85	2543.34		42.62	53.16	2382.66
-88.46	-15.13	1823.46		50.02	8.56	3149.36
-76.97	17.22	1967.75		54.43	-11.72	2953.14
0		0		0			16.29	-26.42	4136.46

E - 20%
22.23	-66.65	2235.46		-20.51	61.49	2570.81
-2.04	10.84	4871.66		0		0		0
0		0		0			1.42	26.10	4372.69
-39.61	9.70	3583.83		0		0		0
19.17	-7.13	4567.61		0		0		0
24.84	-23.05	3921.98		0		0		0
-21.16	-76.02	2202.90		15.48	55.60	2865.59
0		0		0			41.44	11.01	3397.00
-8.29	10.81	4767.86		0		0		0
8.16	38.24	3826.93		0		0		0
15.51	-98.22	1711.46		-7.15	45.25	3444.46

11b

E Resolution - 0%, x,y Resolution - 1 cm
-18.58	-55.58	2872.32		26.80	73.58	2129.50
17.85	28.45	4025.50		0		0		0
-70.94	-17.19	2277.54		58.62	14.28	2724.28
-12.67	24.54	4272.54		0		0		0
0		0		0			20.20	-5.21	4573.89
0		0		0			-6.46	-4.31	4915.47
24.88	-45.61	3087.45		-40.60	74.67	1914.37
66.54	11.91	2612.10		-69.2	-11.58	2389.72
24.71	11.57	4279.30		0		0		0	
0		0		0			35.11	-3.48	3944.96
-28.21	12.83	4117.57		0		0		0
