#INITAL PARAMS: 5GeV, 2600cm, detector radius=100cm, spacial res=2c
# [hits] = cm, [energy] = MeV, errorhits=\pm 2cm
# gamma1_xhit	gamma1_yhit	gamma1_energy gamma2_xhit gamma2_yhit	gamma2_energy 	angle[deg]			ang_err[deg]
76.46			9.76		2166.82			-60.37		-9.04		2835.00			30.048505530791097	0.6156085198741019
37.56			-36.74		2956.31			-55.43		62.23		2045.51			29.56058795937649	0.6156102996980083
27.61			-15.67		4188.87			0			0			0				6.905115287079497	nan
37.99			-63.76		2456.31			-28.37		59.72		2545.51			30.529818641962095	0.6156181731876172
27.16			63.01		2412.85			-27.49		-60.12		2588.97			29.307728006144558	0.6155816487133378
-46.11 			50.54 		2507.54 		48.13 		-48.10 		2494.29			29.685841725274805	0.6155922363298846
1.46			15.70		4769.35			0			0			0				3.429444529175089	nan
14.26			-47.37		3291.00			-25.13		92.76		1710.82			31.67233590040236	0.6157004872520069
0				0			0				-2.82		-8.41		4933.85			1.9292311711365597	nan
0				0			0				2.38		21.16		4480.61			4.631314639816439	nan
-18.12			60.21		2666.17			18.94		-66.68		2335.65			28.758019598124655	0.6155671001570604

